[pageErrorBr.jpg]
filters=fill=1,0.020000;autocolor=1;finetune2=1,0.000000,0.000000,0.238596,00000000,-0.005848;finetune2=1,0.000000,0.000000,0.244211,00000000,0.000000;
moddate=080118acd870d701
width=6000
height=4000
textactive=0
